# AUTO-GENERATED MAZES - Procedural Generation
# Generated using Prim's, DFS, and Random algorithms
# Copy these into your maze_templates.py

    'prims_maze_1': {
        'description': 'Prim's algorithm - branching paths',
        'grid_size': 10,
        'walls': [(0, 2), (0, 3), (0, 4), (0, 5), (0, 6), (0, 7), (0, 8), (0, 9), (1, 2), (1, 4), (2, 0), (2, 2), (2, 4), (2, 6), (2, 8), (2, 9), (3, 0), (3, 2), (3, 4), (3, 6), (4, 0), (4, 2), (4, 4), (4, 5), (4, 6), (4, 8), (4, 9), (5, 0), (5, 2), (5, 4), (6, 0), (6, 2), (6, 4), (6, 6), (6, 7), (6, 8), (6, 9), (7, 0), (8, 0), (8, 2), (8, 4), (8, 6), (8, 7), (9, 0), (9, 2), (9, 4)],
        'start': (0, 0),
        'target': (9, 9)
    },

    'prims_maze_2': {
        'description': 'Prim's algorithm - branching paths',
        'grid_size': 10,
        'walls': [(0, 2), (0, 3), (0, 4), (0, 5), (0, 6), (0, 7), (0, 8), (0, 9), (2, 0), (2, 1), (2, 2), (2, 3), (2, 4), (2, 6), (2, 7), (2, 8), (2, 9), (3, 0), (4, 0), (4, 1), (4, 2), (4, 4), (4, 6), (4, 7), (4, 8), (4, 9), (5, 0), (5, 4), (6, 0), (6, 1), (6, 2), (6, 3), (6, 4), (6, 6), (6, 8), (6, 9), (7, 0), (7, 4), (7, 6), (8, 0), (8, 2), (8, 3), (8, 4), (8, 6), (8, 7), (9, 0)],
        'start': (0, 0),
        'target': (9, 9)
    },

    'prims_maze_3': {
        'description': 'Prim's algorithm - branching paths',
        'grid_size': 10,
        'walls': [(0, 2), (0, 3), (0, 4), (0, 5), (0, 6), (0, 7), (0, 8), (0, 9), (1, 2), (1, 4), (1, 6), (2, 0), (2, 2), (2, 4), (2, 6), (2, 8), (2, 9), (3, 0), (3, 2), (3, 8), (4, 0), (4, 2), (4, 4), (4, 5), (4, 6), (4, 7), (4, 8), (5, 0), (6, 0), (6, 2), (6, 3), (6, 4), (6, 6), (6, 8), (7, 0), (7, 2), (7, 6), (7, 8), (8, 0), (8, 2), (8, 4), (8, 5), (8, 6), (8, 7), (9, 0), (9, 2), (9, 6)],
        'start': (0, 0),
        'target': (9, 9)
    },

    'dfs_maze_1': {
        'description': 'DFS-style - winding corridors',
        'grid_size': 10,
        'walls': [(0, 7), (0, 8), (1, 5), (1, 8), (2, 5), (2, 6), (2, 8), (2, 9), (3, 1), (3, 3), (3, 8), (3, 9), (4, 2), (4, 4), (4, 5), (4, 6), (4, 7), (5, 2), (5, 4), (6, 2), (6, 4), (6, 6), (6, 9), (7, 1), (7, 6), (8, 3), (9, 5), (9, 7)],
        'start': (0, 0),
        'target': (9, 9)
    },

    'dfs_maze_2': {
        'description': 'DFS-style - winding corridors',
        'grid_size': 10,
        'walls': [(0, 5), (1, 4), (1, 5), (1, 7), (1, 8), (2, 2), (2, 4), (2, 5), (2, 6), (2, 8), (2, 9), (3, 0), (3, 3), (3, 7), (3, 8), (3, 9), (4, 0), (4, 1), (5, 3), (5, 4), (5, 5), (5, 8), (5, 9), (7, 0), (7, 6), (8, 1), (8, 3), (8, 4)],
        'start': (0, 0),
        'target': (9, 9)
    },

    'dfs_maze_3': {
        'description': 'DFS-style - winding corridors',
        'grid_size': 10,
        'walls': [(3, 0), (4, 3), (4, 5), (4, 9), (5, 0), (6, 3), (7, 3), (8, 1), (9, 2), (9, 4), (9, 6), (9, 7)],
        'start': (0, 0),
        'target': (9, 9)
    },

    'random_15': {
        'description': 'Random walls - 15% density',
        'grid_size': 10,
        'walls': [(1, 2), (2, 5), (2, 9), (3, 5), (3, 8), (4, 4), (5, 1), (6, 0), (6, 6), (7, 6), (8, 7), (9, 1), (9, 2)],
        'start': (0, 0),
        'target': (9, 9)
    },

    'random_20': {
        'description': 'Random walls - 20% density',
        'grid_size': 10,
        'walls': [(0, 3), (1, 2), (2, 1), (2, 3), (3, 3), (3, 5), (3, 9), (4, 0), (4, 5), (4, 6), (5, 2), (5, 3), (5, 8), (5, 9), (6, 0), (6, 3), (6, 5), (7, 3), (7, 6), (7, 7), (8, 8), (9, 1)],
        'start': (0, 0),
        'target': (9, 9)
    },

    'random_25': {
        'description': 'Random walls - 25% density',
        'grid_size': 10,
        'walls': [(0, 2), (0, 4), (0, 8), (1, 7), (2, 5), (2, 7), (2, 9), (3, 7), (4, 2), (5, 0), (5, 5), (5, 9), (6, 0), (6, 5), (6, 9), (7, 3), (7, 6), (8, 1), (8, 2), (8, 7), (8, 8), (9, 0), (9, 1), (9, 4)],
        'start': (0, 0),
        'target': (9, 9)
    },

    'random_30': {
        'description': 'Random walls - 30% density',
        'grid_size': 10,
        'walls': [(0, 6), (0, 8), (0, 9), (1, 0), (1, 3), (1, 6), (1, 8), (1, 9), (2, 3), (2, 5), (2, 7), (3, 2), (3, 7), (4, 1), (4, 4), (5, 0), (5, 1), (5, 2), (5, 3), (5, 5), (5, 7), (7, 0), (7, 5), (7, 8), (8, 0), (8, 3), (8, 6), (8, 7), (9, 3), (9, 5), (9, 6), (9, 7), (9, 8)],
        'start': (0, 0),
        'target': (9, 9)
    },

